256
30079 28137
25242 32284
23148 31509
6250 13460
23385 16098
23807 15600
28557 9273
25786 27883
20243 21769
18256 32226
19638 23232
11400 1023
18417 9995
7868 6016
4944 126
21252 8294
20226 11176
15627 20473
19136 7712
22321 26097
7687 3001
28172 30626
23044 3525
21558 27817
734 26312
9456 12246
23846 7609
28651 4813
12298 24173
17817 16582
30138 20142
2082 32206
17568 24661
13924 30063
13521 31286
25178 27876
2474 10627
1515 31252
13641 20021
5935 13130
6853 2824
25532 19747
14481 31012
8287 16474
4680 12840
19372 29278
24739 10463
15706 13666
17674 20697
7910 12791
11474 1668
16056 28055
2138 9482
10766 11219
19261 23636
8825 22572
22713 2585
17918 22300
26034 31092
3001 13678
19523 13281
32241 26392
15486 22133
31512 20137
19496 5206
20162 1423
27377 5191
11072 30230
32465 22173
1310 22152
22984 18562
11823 21209
28221 1679
11899 16276
15172 9450
21392 2583
21509 28244
26658 17949
32286 29352
3270 18180
29454 8157
23637 26938
5256 27131
13224 9763
23330 15193
32320 30548
28623 15316
935 32213
19754 2438
16371 204
16477 4019
25513 20513
11450 4571
19342 26660
7810 14396
315 15080
31854 16293
29238 3656
8152 18844
25070 22821
1998 5000
15637 24956
17160 6942
22089 21303
19220 9501
25020 10974
26111 8982
7316 11111
9576 14886
8217 24790
28150 29422
22192 2668
29786 27924
11647 16471
16223 21949
12765 31750
5847 22709
9751 2998
11518 15729
9319 4067
8489 9319
22463 5999
24667 17446
26505 27990
12007 32266
19251 23108
11512 28820
20825 10574
4603 20211
10469 13598
23303 3712
4989 11720
6409 29427
7788 15950
2160 26371
1102 6020
22798 16995
20365 13028
12850 5473
29482 27800
4271 1023
24483 13404
32345 4191
30605 1556
3200 8642
17315 30175
15857 6915
1171 12258
9835 471
970 9461
7783 27254
22653 7600
15946 24942
16857 12128
3233 14289
15666 19462
6153 20633
26446 25889
13848 24894
21455 23020
16881 7532
28708 30123
25466 18761
10177 29175
30276 1021
922 10023
6919 21205
17673 21543
23677 13981
27481 19444
16660 19868
26211 1724
30645 31375
28371 14191
21930 19915
12878 2969
8505 25314
6814 29314
20507 6504
10010 3382
10016 17029
22020 25459
20491 10274
13489 29594
31686 17854
11537 14049
27015 20055
21486 26000
28671 23724
18100 12938
31509 977
14340 17297
16390 13289
20992 9554
13031 31470
27609 9683
4014 11689
6384 20900
25774 9700
11346 7703
9506 24270
14149 21519
3611 16220
873 21769
29178 11395
26049 9378
26187 6423
22161 10149
30096 1612
7020 14132
31315 4375
12159 2291
10639 26844
21152 9229
1453 17721
907 20787
30571 10875
18467 11176
19620 4110
9115 15593
28177 12854
935 14944
8946 22202
46 21622
31725 10398
28518 31674
13653 3624
20547 28222
32212 919
22025 31512
2693 9968
3352 4649
31079 2818
2301 24317
32195 400
32108 11941
13793 14292
27313 17792
21997 128
20176 8252
11594 6010
12875 1274
22185 9106
19867 9532
16023 31014
1918 6617
825 13152
2966 15725
21552 32489
32334 1629
23116 30949
4178 30272
22231 1538
8687 15489
8629 2600
18204 19668