2048
11661 817
3933 9247
1138 18861
1815 31986
9148 15373
17489 29403
11409 6328
28536 22660
922 31919
656 2396
30371 30438
19589 14790
4149 6027
18804 2848
1471 3901
23453 8292
22358 15662
32395 8030
12510 25725
21325 16048
11861 14633
2182 3574
7605 26326
9683 12003
29843 18896
1420 21947
8206 30308
24280 23874
8229 28185
28244 9048
25522 2033
8265 25376
6287 15763
15487 6463
23619 9054
3509 28671
19629 14770
19548 16663
13521 2114
2459 19922
8261 31562
15145 691
21247 2285
27634 6154
2230 32279
8816 23460
32715 8602
32419 30119
32047 5596
15406 519
8 12634
13548 14227
25412 15702
667 2707
17220 8316
31019 2399
22931 31484
27734 17677
10234 32233
16426 8591
8294 28616
31035 18501
9486 15610
13168 9140
31730 228
4411 9416
31706 7369
17384 664
14855 23566
174 3871
928 6969
5670 12666
21447 4370
11226 9441
17682 15303
23628 14080
11043 13316
2962 23375
2567 9478
449 1632
28896 1841
14356 14411
15668 9962
21969 32233
1068 16061
15161 3720
4535 32563
22923 10302
32670 20777
32119 26608
27813 12902
10190 736
15020 14744
3451 17998
9966 32584
22821 1143
31414 15551
21426 784
12909 17671
11291 3121
20232 31193
10583 16135
11991 16060
28304 27347
1838 22152
22071 19946
8516 25737
31171 13950
12795 18846
4525 30909
10750 30956
20728 7970
2395 13661
30725 31137
31551 11360
12326 8128
5262 12657
30604 21483
5098 26938
2176 6884
9356 11836
2444 12267
1394 30950
24178 19846
11827 10917
22166 21672
14570 20581
10046 26020
24344 28192
9321 29293
6762 30333
1373 3447
2687 3758
14151 27976
13552 14920
21058 23633
18045 5026
12093 3844
11509 19254
30744 10363
14687 22477
13243 5594
19186 28696
29166 15482
17669 17941
31131 3798
10206 489
23052 28896
10104 2596
17841 6509
16678 14478
31979 1873
19916 28286
32355 23297
6746 20913
10055 6506
30506 608
469 10098
6380 29440
23511 32065
24042 2730
19347 7159
21185 28658
21082 17600
4433 24964
193 5818
31849 9704
2586 7584
19113 24332
9351 30719
16208 25685
2879 28103
20642 2692
26164 10540
24523 5325
30766 7729
25638 18427
4172 20239
8753 23513
15689 5869
2393 18259
31073 24886
11825 23093
9531 17328
19383 23783
11305 5435
15285 22582
31718 14332
5002 1969
31931 28372
21623 11712
26324 3208
21416 11844
29496 237
28361 27009
14521 18216
30474 31555
14742 31560
31769 23021
19944 27213
17735 28961
25380 29451
1249 19085
15939 26870
28711 28485
12241 14349
21312 1951
21882 1154
18406 25778
7455 5930
22836 20136
5774 13024
9713 2993
17430 23698
2715 23014
13149 21354
6216 22432
2649 8931
23506 6308
5061 13638
6151 7829
16486 15235
5871 27985
16201 16901
11511 19008
23020 30454
26070 7615
8556 23917
3049 22942
10745 30808
26271 14167
18875 23512
21938 2345
9108 24286
17201 19854
31419 13996
10715 15704
21750 15413
6307 3159
12433 14157
8235 15667
8177 24801
27698 26858
18683 10443
4815 18089
26714 30315
11320 19833
16637 14739
13684 16563
8579 23598
15457 23047
24787 19218
5402 25215
28645 12392
26472 31379
29132 16995
20033 31246
18544 26549
21040 11303
31477 31992
18634 1422
15475 25377
6031 15574
8706 31791
10124 28611
31832 12674
16794 29411
23807 4897
16177 32293
3381 2735
3659 21868
608 3392
18604 16301
11076 11232
49 1956
6259 25608
7310 27432
22342 28184
18186 27804
22138 32134
21048 4068
24764 2178
11662 13592
26064 8613
14598 29345
7329 32347
30807 11913
25112 7597
28867 11033
24938 31978
21731 31661
23103 32258
5602 4460
2369 11301
17757 22260
9219 5117
31623 29196
28580 17990
27004 17502
21651 2143
314 24076
13286 8287
27174 19322
9229 11174
3486 31052
30150 20643
14216 23171
20450 13955
27918 9490
31849 18408
31434 8578
7025 9831
17444 21619
21544 21500
21988 9782
10719 590
12463 10394
25481 16753
18895 6550
5198 10620
20077 28334
12231 24809
18794 32171
28681 12964
29189 18007
20154 7429
3563 12707
13648 27654
4678 28802
15764 21179
16135 31271
24301 26902
23240 21146
13329 31657
6254 1428
4217 24186
23357 14702
7533 2087
818 26728
22287 1326
14171 31140
31775 24605
29120 28228
16215 15232
25679 21480
22946 5806
3448 29835
818 4564
1036 5027
11464 1390
15367 7150
7261 24148
14608 10268
22065 23260
29954 3680
3826 20519
2400 11331
32088 2838
138 7351
2562 5711
16638 12427
32451 1710
12403 26062
31365 4357
1655 617
9664 13384
18493 16810
10770 4563
16344 12481
17896 25737
5742 1122
20418 4410
12521 6523
387 18271
8406 24253
2158 3661
18786 16865
24057 5418
26301 6721
19384 32446
10885 6146
4321 12702
23293 18307
22137 25040
19948 25660
2620 18442
27243 29900
30736 27860
19337 6575
9364 9410
10897 4427
6056 18694
13249 30335
32274 22627
27004 23400
7089 25740
16044 26321
6152 25507
15332 19693
30956 31727
11154 11634
17378 17926
15877 24129
22228 30837
4884 11372
25235 27877
16724 6102
9342 3133
9037 31731
10674 21422
29074 14062
9818 16896
18896 15816
8641 18724
28810 2855
29580 31643
32539 1402
25099 620
31073 12332
26951 11430
2136 12943
3030 27408
18221 416
2474 29340
2731 8754
6756 25524
23653 16875
24722 12070
8021 1430
19508 31490
14886 29864
23040 2411
2261 12072
2495 28194
28838 27834
31146 30831
31169 29558
22757 20986
5379 8122
2111 2784
21935 10395
5490 19865
27435 12123
26966 6804
24284 6113
4135 12352
17357 7501
15330 23192
26351 7230
6475 2450
3007 31226
2511 23588
24410 23639
22819 19093
10049 1725
5531 9063
18334 16835
16424 11923
25634 12413
14780 18590
24215 1463
10473 29545
7056 18728
23163 5221
153 17748
7545 29827
23581 18806
12295 27954
6305 23917
11131 15758
3952 32066
13499 29420
7628 23960
2179 14696
21838 8558
19294 26327
9223 31590
11322 13319
17413 24857
10924 5563
10318 17520
21410 28026
7694 18135
27737 31761
23940 339
922 30318
4488 26250
10163 14430
26988 21065
22776 3831
17432 27127
8700 7026
3403 25926
12297 26809
27728 26663
20800 29382
7722 6
21438 7599
20758 12587
24905 29702
32638 302
15167 31615
15597 3033
15323 2156
23858 11089
2909 20613
28221 25650
24305 19752
4089 3493
16208 27320
10792 10212
2246 6069
11933 6459
10882 28521
16183 18184
27424 8900
28053 7926
24739 20399
14939 27991
16877 32533
10956 19133
5609 17912
11641 7203
7713 5422
24913 27375
6172 12644
9225 6098
24339 26716
12447 23814
4817 365
16642 30980
2843 11739
16848 4608
130 6604
26767 19501
24801 21518
11832 27518
29332 9131
2209 5952
15104 17613
9102 14711
8971 21060
24101 25094
13711 7056
29365 31746
3427 30033
30531 17815
14234 22884
15894 19425
23955 25127
29911 29854
32329 17490
7633 2981
20888 20322
24602 5531
15677 8005
1862 24322
2378 5559
17606 16993
22447 27049
6133 20113
26329 15241
28352 15574
10410 30943
26371 9482
23935 13762
16583 26920
32469 22170
19219 3936
31251 13171
11969 18654
2905 7220
30281 18674
2215 25032
3943 1866
18330 1463
29513 10001
12363 12325
73 16513
30958 26221
10049 27061
30328 24243
5912 3508
1313 27942
7751 10832
12205 29607
19758 20671
6651 8549
17096 10842
8630 16201
9699 22480
22093 18433
6347 22295
31012 26503
13941 26385
3470 23770
11672 12960
26180 22854
16251 26528
2752 24537
14521 137
26046 29594
32680 19234
8081 4244
3135 5311
31814 19427
3574 2770
13683 21937
19395 7911
20226 16276
16295 9252
17755 21808
17087 13572
31656 24161
30912 12616
12048 17585
19551 13015
3999 27426
23068 3388
10315 22330
12528 6645
18224 31430
2316 16822
3637 22255
437 19859
32136 13258
20042 17515
7892 4632
29027 4160
15519 9240
10995 19290
30602 10136
13936 31481
17429 13870
2484 32507
12554 10311
4014 29332
7713 14260
19806 25952
15836 6395
2234 18733
27417 7786
13281 4949
18764 17868
12396 26716
9917 24567
18585 28391
16229 22486
28463 10331
10512 9669
27647 12308
27763 7194
4067 7149
11037 32577
30982 21011
22394 20708
7872 29944
294 17017
541 8129
6814 22383
13161 9742
20782 30282
21307 18732
31678 16694
5138 2022
6974 12290
3608 24896
798 885
6875 18358
22437 24331
1057 6484
22667 8689
25905 10012
13298 11059
18887 8544
9193 29766
11472 20737
6356 5631
8251 16654
20980 2852
20208 1453
17351 26110
30333 16758
30195 31368
8745 19852
11158 6806
31681 199
22488 24119
5284 25846
12893 7978
22223 9927
6391 32007
3049 14821
10628 25864
18173 19961
23885 17385
12713 9949
28262 26650
29080 2191
30862 24927
32425 10892
14434 24164
13747 7304
32245 20888
5763 2616
27146 7781
9005 3215
29721 25771
32136 814
24870 5448
20977 7327
21410 3435
7987 26801
14600 31961
21658 19908
11012 25164
18842 20983
3118 864
13558 27340
17538 14712
27865 27522
2749 19084
3167 26225
12751 14928
14465 26789
4219 8785
5020 32679
17015 25963
31692 8146
15154 21460
5842 27327
21878 28317
215 21379
18228 26977
7746 11249
29785 130
13674 12698
4366 13128
7360 26239
26706 6406
17698 27068
8714 10011
728 1803
15734 4867
19653 8091
9394 24169
11574 16193
24711 2820
12019 5387
464 24173
20077 18558
26962 23411
27824 11053
22515 25023
29844 14715
26262 506
22431 22237
2197 29581
13631 24545
6899 10850
3211 25573
5543 15092
25851 3939
7021 16530
199 4096
5415 6168
7900 13544
31233 30459
7892 26153
26621 10386
27346 12534
18311 10934
17511 9378
30230 7631
9645 18841
13772 10012
28354 25788
15470 8239
23885 11308
17254 23898
8812 27743
1517 22379
25293 14129
12523 1439
18494 11634
12291 12467
590 2482
23121 25394
18315 27425
1852 6223
9663 10248
23757 31690
13988 19250
4122 13962
28430 12477
21794 12026
14713 21559
20448 17210
13374 27318
4158 3551
21640 31310
22885 5835
1179 14415
15375 23332
21456 16961
20708 3532
408 23536
13381 22309
15822 13590
586 19044
22567 2913
7522 29839
11442 24885
23323 5086
1834 17
2501 20318
20988 17081
3959 2141
30307 16055
6433 8743
22440 21804
15013 7773
12302 1245
28326 15755
17724 6146
13897 30632
18493 11703
17772 2760
31808 1580
226 19095
26277 11436
18495 6132
901 21701
28331 884
28630 20900
16735 7197
11929 22811
32327 790
30884 18630
8729 4622
1567 14626
6670 14630
1969 2069
24934 11602
18385 532
2885 25728
23053 23655
6418 14952
985 4677
17684 8319
13791 6239
26320 20674
4682 23013
1263 29224
13023 18342
26500 4095
23579 14924
25429 12679
243 6245
8792 31634
18099 30664
29550 28598
20876 3770
16823 6980
5721 11107
32690 23430
26019 8454
8477 7222
25245 4395
26496 23786
8758 22943
11630 22828
13130 20726
16724 24094
5551 6635
17967 29408
6871 13112
7562 9739
26293 20253
31682 16640
11881 20365
11597 17455
3434 26988
14578 13672
24087 23941
30385 18747
31828 17182
15875 18438
23685 18570
2114 20212
15008 4964
11448 3629
13857 30092
30071 11448
1607 28016
16327 29972
26434 27254
23506 18641
12463 5127
23816 7111
10605 839
15601 3756
3697 15803
14719 8309
19558 22757
14510 24850
28456 21635
1481 21332
16416 15089
20607 11857
15506 11385
3186 25366
31699 3969
30552 3759
22662 17678
19470 23345
13079 30387
3292 532
29348 27163
30570 18676
13255 11847
7045 11371
3323 30981
8176 8212
18934 6128
11678 3825
10542 4165
21464 21394
12794 24108
15353 16284
20973 27254
23207 23901
29600 20346
3448 13298
28577 6332
21542 23770
18086 2270
19889 22350
24562 25561
4200 24100
32329 28271
3000 14683
26548 13336
8933 10183
950 996
32015 23228
29011 25101
18344 20617
8800 19058
6537 30362
32691 20141
25011 5503
19295 11467
566 10264
12067 5574
6233 27984
18336 10248
20409 5955
1166 27821
12788 18314
23928 27334
26889 19420
17337 12846
30646 17634
25490 648
7471 24498
29955 11238
22183 25611
20775 12659
12358 24701
14587 10312
11866 23563
30168 30820
30179 30542
7370 28481
25535 23511
3614 23460
15981 4484
15252 18211
24895 338
20970 21367
32190 17706
17525 29287
3573 22997
2341 31749
17752 2117
17200 30018
16125 16791
15752 2019
19002 29250
16532 10639
16954 19880
11613 26645
14789 12447
30624 20302
9000 27954
16603 21967
10230 29089
4981 22100
28527 9322
3663 4508
23255 27841
18492 539
338 14722
5668 25603
11083 16855
23246 10912
22443 11151
29029 23019
29411 22698
2347 27738
8538 1022
8926 22617
22074 4587
25202 3726
31841 27558
1221 9105
26341 31948
11140 25871
3467 25413
24315 17533
24222 4284
23486 4057
30902 24411
6486 14780
10541 1480
27027 20551
17254 6762
1686 17544
120 17783
14718 4483
8625 8096
20888 11521
4727 23227
4448 8718
3126 5164
30789 31995
7505 9845
18186 22098
26762 31401
15968 19725
23075 7593
7210 11818
9720 32228
8309 5550
7781 29240
9325 7085
20736 15754
24937 28608
6444 10800
15182 13269
6515 3127
11316 19543
3327 13494
18586 25013
16076 27007
13613 8183
10546 14196
3479 29955
6464 24656
17457 30444
725 5560
17201 27048
8044 28543
4972 2657
17985 18970
15748 31887
10735 12441
19001 30534
7802 9109
12202 15315
1925 16456
25106 14726
13301 28027
29196 17321
17707 10295
22777 16313
23534 24473
17256 25800
681 30737
24065 28359
19219 9871
15062 22768
16393 5921
19023 4045
16331 5131
27583 7191
4124 21031
32086 29489
12160 16371
23529 15820
29238 14792
23556 3847
12772 13512
28002 24748
3868 14953
28346 3210
7208 30140
7112 9975
9873 13422
11527 14846
12599 30513
22870 5415
24148 28295
15883 29097
16542 9818
21532 10331
22145 7277
23905 5481
30099 10323
26648 24669
21210 6403
13382 31686
31131 32557
31926 4319
28179 24717
414 11096
12106 24180
4541 14886
31901 6231
12713 30066
28353 13253
15756 13993
1525 2755
17354 23942
1694 13711
30918 7781
14447 7108
11108 11614
7454 22566
6549 9822
6548 7729
1371 2361
18520 26452
21017 1470
22412 2808
31461 6371
447 7634
6059 26296
23678 27059
1462 25723
15342 17115
10138 25601
31415 25469
24611 18594
21476 18423
6541 26541
748 2965
24827 2524
10856 23032
3108 14054
19162 17433
6626 10943
29677 21911
25341 17664
3547 4077
27526 151
15422 18063
32258 24637
5914 23801
30146 19556
14147 9609
28953 31272
22912 1671
28444 10812
14385 17966
28339 21308
26817 12693
2919 6734
10305 18624
23423 16684
10605 14167
17832 17379
16939 1750
25652 8173
6054 10741
7174 17705
10930 5124
18941 31955
26859 24331
23773 10372
26556 7411
6501 9850
2369 28945
16132 29969
7854 25829
26046 26618
7321 18720
17141 13018
23176 29890
24623 15629
23917 6655
25460 28422
21633 26730
3037 10834
13783 25149
17139 24981
27110 19067
29514 25725
8778 29030
23904 24750
20162 22719
13038 18714
4944 19408
14362 14146
26396 26902
25436 31709
18001 17791
7583 3370
5112 9837
138 13976
28089 10950
8833 6189
21834 25860
14092 16473
17911 26457
4608 26097
5812 12522
12890 9491
5945 15866
11394 19786
13523 2804
18140 32764
16833 13345
10282 10810
19621 13551
15476 11457
12049 13179
19220 4568
13420 23217
693 15080
18277 28243
28944 23480
20851 7468
28785 1353
11780 5457
25300 30600
13548 26696
27854 10916
17782 30429
17819 20378
13850 20627
26732 17793
29982 26416
14551 29170
29705 31855
18188 16183
8496 27539
14611 15432
133 1167
27854 15594
20132 12218
23959 24917
8701 8642
2678 13825
19342 1996
29350 31060
26467 23203
6017 22218
13207 14738
19126 25279
11552 10148
24923 10115
3854 26790
32239 11812
5792 13075
17990 5551
31962 24027
26499 11027
7330 17253
17594 21167
3421 15799
27540 24793
30428 15626
7738 1500
1066 16812
32505 5742
19380 13300
30985 22011
30807 21944
27806 26014
29648 19257
19705 29264
24329 16823
9223 22833
19664 30473
3112 9238
15397 13455
13952 10338
27704 24909
19423 16477
18686 1609
13024 23679
29506 5110
3478 3106
29895 29936
6103 10720
17580 20771
26375 6623
16066 10152
7928 1674
8137 28830
6597 23926
22338 13070
2390 9710
14334 499
1073 31871
10482 6292
8075 16634
3429 15410
25521 5885
9449 10344
569 29346
19267 15344
28151 4037
24092 23701
19266 6778
1667 17299
28930 28589
28633 906
30513 32187
4465 28687
2544 16023
7758 29909
28160 29051
9571 19527
21710 3099
7969 31435
16914 31771
1306 537
28032 20855
24511 8879
20101 32676
7566 7537
7808 4193
8849 2207
27758 4889
6446 3475
32062 1008
5209 30375
2246 3137
19641 10975
9914 739
189 6309
12541 22353
25040 27422
20471 1986
10450 1914
26912 29486
5815 21488
10694 18579
55 7560
4406 21734
16309 31342
5516 12141
848 16465
11623 20452
25036 16891
29820 32242
8131 18329
16670 20795
444 28040
14293 23519
5772 19946
9359 11092
25691 25498
22551 6843
21967 918
29989 59
30651 13598
22376 24895
10207 12518
3286 29223
14181 6738
21664 230
15732 9718
17021 4442
79 15225
5087 9127
19412 1363
5635 11840
10178 3671
8754 15566
9931 10952
20046 27320
16905 25410
6503 4751
2731 8870
25936 7139
30622 12247
15870 4174
21898 31368
32017 5870
1308 13117
12935 29796
20673 17589
5584 1232
6429 31705
22962 31713
18903 30032
8876 26878
30726 14419
21241 8823
13425 26380
18677 23775
11992 21820
17596 13655
32027 8654
23393 10800
13233 10304
19746 14912
30434 6743
6760 2201
6308 17602
14533 4000
31021 3516
5004 15016
26801 1478
18259 17326
11964 7427
29519 12278
27751 253
32071 31116
27597 12736
18836 13333
18506 27348
11551 32222
9243 30733
10014 11122
28660 14825
30862 11467
3254 30460
9740 23135
19945 14214
27714 32248
29652 11802
19581 21914
21622 16020
12161 12923
15501 21025
7762 10190
15959 27447
17151 26309
25816 17641
12890 27482
2210 28027
7408 5042
26970 24901
20245 27546
3961 8573
24993 18600
28584 17082
22249 22133
9843 12269
10352 1553
9172 8928
24053 11484
2596 5909
1337 15484
30736 28699
15834 15449
24852 3036
14735 30119
13367 24751
605 27602
20669 3729
29990 11963
9636 17786
27964 8950
20196 4030
9722 8044
12463 517
11265 32182
438 29468
3887 2365
8893 27879
3416 31313
19000 5966
28585 16719
23786 3460
2936 21403
2426 25716
7998 888
10596 23332
15607 9376
17851 5724
15446 28908
11584 28829
13679 4944
24694 2450
5218 23585
16013 22271
9137 5873
8852 32616
9013 7202
1465 20736
30813 6597
75 28787
23995 23366
13493 24697
30169 18937
6929 16418
19973 4637
6301 19238
653 10353
8314 579
26046 15291
16524 5710
12642 29398
7493 4080
22072 19493
5982 10776
31593 27709
22816 21390
5374 9298
32388 12281
29055 22161
21514 28380
19868 19277
2576 19701
1388 29422
4646 15603
7506 4346
13949 3302
8762 14879
20362 14806
69 5217
20919 10881
17785 12696
18673 14099
26745 20440
23583 27972
5679 30835
10390 14866
78 12894
19269 14329
16765 28954
11723 14415
564 26047
7692 28651
7578 22101
11760 13028
32002 2132
30226 15338
10661 31576
32232 26495
8356 26746
9642 15559
31571 567
20656 30082
22538 2461
5943 21330
19767 17092
17855 31874
28674 28248
25095 25171
18544 11270
11745 27006
6298 27646
21005 20322
25001 25909
5431 17507
31182 9045
3704 26189
23254 770
20014 12596
8735 25177
21 12334
24635 5145
8183 9018
19212 21909
19239 3051
16054 22152
21679 10922
1158 12958
18000 1976
170 25610
1311 15844
5298 2385
9924 12012
8735 25074
8836 26099
7294 9201
29989 19587
26878 10085
17744 7697
21430 1570
2804 25048
2514 397
26484 22322
27201 10015
3002 18614
15432 2380
10821 20425
929 19185
11156 22505
21755 27139
20339 16011
7117 2431
14572 9545
18880 11377
32542 30951
2673 14974
7041 19232
17043 21224
11205 1214
15289 29947
13111 15490
21310 14286
11189 15616
29367 26329
17328 15353
13218 448
25378 5321
19414 466
25432 29617
20413 5701
24403 7647
2522 7191
6520 15833
12078 6623
18585 6137
3562 24509
2125 6954
16487 1692
17072 24174
350 13428
22406 13094
26757 28639
31890 16612
32620 5339
19522 16793
24453 5067
2821 14358
11254 24583
12049 18593
19976 9747
30165 6610
15043 17422
23585 6730
1560 8461
27088 7742
26781 17500
8081 4772
3590 4249
29254 8243
25000 8308
213 31046
5193 11474
12842 4030
24467 20415
29227 23013
8995 31715
11365 3227
26789 7148
3330 21254
23583 9427
13353 10089
17887 16404
7704 20906
2325 14597
16840 1940
10722 32691
24425 25385
2580 28160
16613 5990
10670 2768
14254 10084
25583 29496
16392 17957
24586 23691
6466 10611
6759 9436
8910 17133
11820 7740
1847 22769
32060 27999
17903 10144
15745 5934
11646 10216
11661 27293
1418 8536
25808 7071
18102 908
16281 17890
13655 7118
28024 6344
18352 29896
17511 23212
24392 4799
19193 30244
28337 32289
17103 16718
5833 4058
9494 9389
1780 30300
5223 13021
7451 18753
13954 14494
27744 31251
18404 19965
6040 31544
590 14479
18553 25952
9021 28936
1113 31452
2624 10999
10529 26746
30700 18322
17098 17325
20824 6388
27640 2643
12456 27964
18760 20449
21744 6997
27534 6240
28103 23704
18146 7980
3904 22005
9777 15029
903 25883
17026 15438
12292 31839
28745 28691
6514 15434
12784 11612
6227 15360
10778 31663
5867 15918
15490 14602
5389 32186
23823 25235
28432 10953
25228 5416
31606 13342
64 4334
30379 6116
20579 10491
3426 27923
1723 1283
9988 12099
3534 15813
23375 15697
49 450
4507 25823
11937 20576
9799 4851
21559 13914
20255 8307
13289 18876
8066 6298
32597 22061
16991 27361
32459 17907
30252 31394
27421 8159
14702 2967
2539 27359
16748 3042
10635 13923
14509 19761
6406 9404
18186 17157
4295 14928
8064 6995
28267 18590
20705 21804
4289 14062
3580 11239
15814 321
26281 4340
15999 19866
10464 30735
31897 25364
22914 23677
32000 7615
1675 26295
4750 5307
14290 24471
11257 19818
2934 12717
24057 31621
19011 21606
16096 13319
30513 10607
24590 30495
32395 1512
26037 6884
18554 20728
24495 24600
11175 2137
26118 27538
8069 24755
18770 13633
10052 7119
30693 1947
31931 29115
28837 7316
27153 24233
26048 24944
8848 18588
14119 16166
24295 14275
1219 1848
19471 28738
12359 835
16958 22387
12997 11851
22643 2850
2806 18539
22910 11483
29798 32746
16826 11829
5127 25841
27863 9394
15485 23548
12691 20172
17036 18900
16018 27375
4503 27428
19859 32343
19245 3075
2782 5503
4738 2374
13601 1346
25564 18392
5326 31206
10423 32094
27966 26612
26866 2306
16445 30882
21361 17918
4666 32431
2366 14950
5841 32077
12358 24236
15272 26387
29942 18419
9704 24230
6816 28464
10168 9604
6281 2177
12327 4355
17044 31716
28613 30523
24564 4096
12674 15794
1734 31352
28291 22048
10563 15695
17407 26762
30401 13848
27002 3430
27365 11420
1050 32442
27971 28379
3686 16704
1704 10447
4839 9120
6351 22388
18613 8333
18736 10517
29615 1452
15493 32583
21357 21960
7396 29551
6242 25542
15131 31019
6588 3653
21329 1260
154 31951
17348 28414
19789 20746
28773 4522
21174 31268
25113 28948
31458 2588
11184 18321
5895 4309
31864 15738
1563 3107
12986 18571
17329 26762
3772 16000
12195 9262
30498 18460
7012 14049
24137 31158
12136 9401
3231 5776
23508 18202
12213 4248
16369 29174
17837 14408
1890 28768
8842 5987
8367 23551
8335 23357
13004 17471
15623 17004
15632 17884
24910 28361
26768 2862
18192 23609
31111 28438
31766 26532
11378 29911
7186 4401
29141 18005
6979 18831
874 17710
22048 13057
32160 16477
15182 20026
13528 26394
4191 17747
17048 22243
32568 5887
26509 11316
25579 2607
31349 30966
22291 24048
22949 28596
29060 30106
2328 22350
19065 10211
19008 26288
14399 14940
31845 25098
26937 9055
11070 968
29140 22700
6882 14589
28876 1622
14379 29741
32707 11354
18205 28784
26760 28788
4465 20081
480 27448
19618 24694
139 19970
28934 21499
17589 16826
7953 23198
23969 9798
23981 7890
1003 4814
20855 3629
21153 15623
11174 6443
9045 137
29499 7446
5872 5320
14668 8670
13420 7538
21127 1154
24369 22391
2465 32139
2664 30795
29326 25199
9010 15405
1317 14733
28945 26652
10125 26325
15 27045
19960 23607
7685 20288
4990 22209
25927 21092
10401 23638
20385 2996
8542 21118
30145 11995
11460 13915
15286 25630
15441 17737
21405 10430
27490 6238
26909 22340
23702 15798
1950 28036
18919 18585
30515 14434
15699 23113
2601 25648
25622 9291
22712 7405
10364 19435
23939 30505
17633 25522
28452 2131
6904 32587
25616 11069
10551 28991
654 4166
20646 21839
28441 29462
2480 3325
10987 13490
23192 14519
11912 1627
9854 1892
11472 6697
6093 2988
16825 31556
9275 16260
23823 31410
6156 21796
15774 774
29891 24609
31228 24478
6610 19891
31602 21892
31419 25443
13271 4888
8839 6781
25692 24292
7503 1478
25581 12338
19519 4167
25033 5271
15971 12634
18666 18818
22508 12034
9640 16530
17654 4529
27832 5855
24601 1901
817 27753
2203 14776
1860 14650
25115 3279
19069 1819
2821 6411
22213 4278
25566 30058
14522 21803
1798 31765
26878 18726
17640 23970
9574 25989
17248 18719
1375 14144
29959 14546
17756 20067
8123 6615
30087 5843